3023
1179
2381
308
7903
331
42
28
28
1354
894
885
1354
920
885
1354
894
885
253
1292
54
1117
1052
17
137
308
139
752
2211
1699
1756
2416
698
1286
1477
641
641
552
641
1082
1140
1261
4290
2292
2014
28
316
686
66
28
72
1091
690
13295
1018
625
153
336
539
434
153
743
591
153
637
434
1747
153
190
141
9
606
1095
742
761
1432
585
28
28
137
57
201
78
1797
197
199
122
178
1
98
288
1
154
8
1
238
69
1
53
3195
1034
18
1
206
1
128
991
4441
210
479
280
246
299
309
517
237
338
179
332
291
502
41
1617
1813
49
676
684
50
5837
640
449
5824
35
470
1441
1985
1276
4612
1416
246
149
477
589
352
424
519
339
328
443
517
553
636
967
507
463
422
611
369
450
441
141
440
407
401
1
644
247
302
331
310
382
237
693
374
443
331
313
343
345
353
262
3377
4020
240
250
89
240
302
229
253
283
242
238
451
250
489
337
302
395
198
5838
46
77
62
22
269
663
565
489
307
162
316
294
28
3246
78
36
84
405
578
336
262
1
3124
78
2337
1359
2869
1264
1627